tug52339

Pocket EXP [1]
Sample Size [100]
	COMPUTING ACCURACY...
0.156
	True
Predicted
	   95     0     0     0     0     0     0     1     0     0     0     0     1     0     0     0     0     0     0     0     0     0     0     0     0     2 
	    0     6     0     0     0     2     0     4     0     3     0     3     0     0     0     0     1     0     4     0     0     0     0     6     1     0 
	   17    29    37    23    51     2    30     5    13     4    12    35     1     6    10     7    25    17    79    15     5     0     0    28     3    95 
	   33    90     0   113    28    49     9    34    82    54    40    22    16    23     7    63    10    92    26     0     4     2     2    47     0    20 
	    0     2     2     0    42     4     0     0    25     0     4     1     0     0     0     0     0     1     3     4     0     0     0    15     1    53 
	    0     2     0     1     0     7     1     0     0     0     0     0     0     0     0     4     0     0     2     0     0     0     0     0     0     0 
	   11    10    44     0    29     3    53     2    13     0    27    10     0     0     7     0    60    34    23     3     1     1     0     9     0     2 
	   22    14    79    60    33    74    78    80    11    31    61    43    77   104   110    37    87    35    16   113   139    58    87    45    80     1 
	   15     0     0     0     0     0     0     0     0     1     0     0     0     0     0     0     0     0     1     0     0     0     0     0     0     0 
	    0     0     0     0     0     6     0     1    19    70     0     0     0     0     0     0     0     0     4     5     0     0     0     1     0     2 
	    0     0     0     0     0     0     0     0     0     0     0     0     0     0     0     0     0     0     0     0     0     0     0     0     0     0 
	    6     0     0     0     0     0     0     0     1     0     0    82     0     0     0     0     0     0     0     0     0     0     0     0     0     0 
	    0     0     0     0     0     0     2     1     0     0     0     0    30     0     0     0     0     0     0     0     1     0     5     0     0     0 
	    0     0     0     0     0     0     0     0     0     0     0     0     3     4     0     0     0     0     0     0     0     0     0     0     0     0 
	    2    14     9    17     7    37    32    49    31    11    28     5    57    59    46    42    34    27    14     2    65    81    62    26    25     0 
	    1     0     0     0     0     1     1     1     0     3     0     0     0     0     1    36     0     0     1     0     0     0     0     0     0     3 
	    0     0     0     0     0     0     0     0     0     0     0     0     0     0     0     0     0     0     0     0     0     0     0     0     0     3 
	    0     0     0     0     0     0     0     0     0     0     4     0     0     0     0     0     0     2     0     0     0     0     0     1     0     0 
	    0     0     0     1     0     1     0     0     5     3     0     3     0     0     0     0     0     0     9     0     0     1     0     7     0    13 
	    0     0     0     0     0     0     0     0     0     0     0     0     0     0     0     0     0     0     0    33     0     0     0     0     0     0 
	    0     0     0     0     0     0     0     0     0     0     0     0     0     0     0     0     0     0     0     0     0     0     0     0     0     0 
	    0     6     0     1     1     8     2     0     5     3     1     0     0     0     0    17     0     0     6     9     0     9     0     1    51     0 
	    0     0     0     0     0     0     0     0     0     0     0     0     2     2     0     1     0     0     0     0     0    16    11     0     7     0 
	    0     0     0     0     0     0     0     0     0     0     0     0     0     0     0     0     0     0     0     0     0     0     0     0     0     0 
	    4     0     0     0     0     0     0     0     0     0     0     1     0     0     0     0     0     0    10     0     0     0     0     0    15     0 
	    0     0     0     0     0     0     0     0     0     0     0     0     0     0     0     0     0     0     0     0     0     0     0     0     0     0 
TOTAL TIME 1.310387134552002

Pocket EXP [2]
Sample Size [1000]
	COMPUTING ACCURACY...
0.3738
	True
Predicted
	  149     0     1     0     0     0     0     2     0    12     0     4     3     5     5     5    12     2     0     0     1     5    10     6    14    11 
	    0     9     0     5     0     9     0     0     1     0     0     0     0     0     0     9     1     1     1     0     0     0     0     0     1     0 
	    0     0     3     0     0    10     0     0     0     0     0     0     0     0     0     0     0     0     0     0     0     0     0     0     0     0 
	    1    20     0   119     0     0     0     6     1    14     0    16     1    16     8     5     6    16     2     0     1     0     0     0     0     5 
	    0    23     7     0    73    24     2     1    22     1    13     2     0     0     1     3     2     8    10     1     0     0     0     7     1    26 
	    0     9     0     3     0    59     4     7     8     3     0     0     0     1     0    46     4     0     4     1     0     0     0     0     8     0 
	   16    42   120     3    35     7   173    17     3     2    33    38     2     1    20     6    89    15    60     9    23    59     3    48    25     3 
	    1     4     2    27     5     1     6    48     0     1     5    11     2    30     5     0     0    12     0     3    25     0     0     2     0     0 
	    1     7     3     4     7     1     5     0    95    33     0     7     0     0     0     0    16     3    10     0     0     0     0     2     1     2 
	    0     0     0     0     0     4     0     0     1    56     0     0     0     0     0     0     0     0     0     0     0     0     0     0     0     2 
	    2     0     0     0     4     0     0     1     0     0     5     6     3     5     0     0     0     0     7     0     8     0     0     0     0     1 
	    0     0     0     0     0     0     0     0     0     0     1    96     0     0     0     0     1     0     0     0     0     0     0     0     0     0 
	    0     3     0     4     1     0     8    10     0     0     3     2   105    27     6     2     2    20     0     0     9     3    21     0     0     0 
	    0     0     0     0     0     7     0     0     0     0     0     0     2    21     0     0     0     0     0     0     0     0    14     0     0     0 
	    6     0     3    17     0     0     1    46    17    30    30     0    61    55   119     2    57    18     0     0    69    12    25     1     1     0 
	    0     3     0     0     0     3     7     2     0     2     0     2     1     0     4    97     0     3     6     2     0     8     1     0     1     7 
	   12    30     0     5     0     0     1     2     0     4     2     0     2     0     3     3    20     8     5     0     0     1     0     0     3     3 
	    2    12     1     1     1     2     1     4     0     1    21     0     1     1     0     0     0    87     1     0     0     0     0     2     0     0 
	    2     3     0     0     1     0     0     0     2     3     1     0     0     0     0     0     0     0    22     0     0     0     0     0     0     6 
	    0     0     0     1     0    29     0     1     0     1     0     0     0    13     0     6     0     0     0   126     6    14     0     0    18     0 
	    2     0    30     1     7     2     0     6     0     0     1     0     4     7     8     0     0     0     1     0    72     2     0     1     6     0 
	    1     0     0     0     0    13     0     1     1     1     0     0     0     1     1    15     0     0     7     1     0    30     2     0    33     0 
	    0     0     0     0     0     0     0     0     0     0     0     0     0     3     0     2     0     0     0     0     0    31    91     0     0     0 
	   11     8     1    26    57    23     0    21    54    19    62    21     0    12     1     2     7    15    50    41     1     3     0   115    32    87 
	    0     0     0     0     0     0     0     3     0     0     0     0     0     0     0     4     0     0    12     0     0     0     0     0    39     1 
	    0     0     0     0     0     0     0     0     0     0     0     0     0     0     0     0     0     0     0     0     0     0     0     2     0    40 
TOTAL TIME 22.992870092391968

Pocket EXP [3]
Sample Size [2000]
	COMPUTING ACCURACY...
0.322
	True
Predicted
	  103     0     0     0     0     0     0     0     0     1     0     2     0     0     0     0     0     0     0     0     0     0     0     0     0     0 
	    1    58     0   119     0    28     0     6     7     1     0     1     4     6     1    42     5    25     7     2     6     2     4     3    13     4 
	    0     0    53    13    21    36    16     0    12     0    19     1     1     5     4     0     1     6     0     2    16    24     0     0     0     0 
	    0     0     0    23     0     0     0     1     0     3     0     7     0     3     0     0     1     1     0     0     0     0     0     0     0     0 
	    0     3     3     0    42     2     1     0    34     0     2     2     0     0     0     0     0     0     8     0     0     0     0    12     1    34 
	    0     0     0     3     0    34     3     4     7     1     1     1     0     4     0    23     6     0     2     1     0     0     0     1     1     0 
	   54    25    87     5    42     8   150    22     3     1    49    42     9     3    50     5   137    12    35    12    16    89    64    57    37     1 
	    2     1     1    13     1     1     1    39     0     0     7    13     5    27     5     0     1     3     1    17    34     0     0     2     2     0 
	    0     0     0     0     0     0     0     0    32     9     0     2     0     0     0     0     3     0     4     0     0     0     0     0     0     0 
	    6     2     0     2     0     7     0     4     5   118     0     0     0     1     3     0     2     0     4     2     0     0     0     2     0    17 
	    1     0     0     0     0     0     0     1     0     0     6     0     2     5     0     0     0     0     4     4     4     0     7     0     0     0 
	    0     0     7     0     3     0     0     0     0     0     0   109     0     0     0     0     1     0     0     0     0     0     0     0     0     2 
	    2     1     1     3     3     0     2     7     0     0     1     0    78    15     3     0     0     8     0     2     3     1     8     0     0     0 
	    0     0    10     3     1    15     0    11     0     0     1     0    10    60     2     0     0     0     0    25    21     4    27     0     1     0 
	    3     0     3     8     0     0     7    41    21    24     0     0    43    51    96     1    12     0     0     0    71     6     0     0     1     0 
	    0     1     0     0     0     4     7     1     5     5     0     0     0     0     4   101     0     0     1     3     0     7     0     0     2     1 
	   21    50     0     5     3     1    14     4     1     3     6     2     9     1     8     6    35    13    28     0     3     4     2     1     6     3 
	    2    22     1     2    10     7     5    11     0     1    31     2    26     7     2     0     2   132     5     8     1     1     1    10     0     0 
	    1     4     0     1     5     1     1     1     1     2     2     0     0     0     2     0     1     0    33     0     0     0     0     0     0     7 
	    0     0     0     0     0     3     0     0     0     0     0     0     0     0     0     2     0     0     0    36     0     0     0     0     0     0 
	    0     0     5     0     3     0     0     1     0     0     0     0     0     1     0     0     0     0     0     1    37     0     0     0     0     0 
	    0     1     0     1     0    31     1     5     1     0     2     0     0     5     1    22     0     1    11    18     3    27    26     0    27     4 
	    0     0     0     0     0     0     0     0     0     0     0     0     0     0     0     0     0     0     0     0     0     2    28     0     0     0 
	    8     5     0    15    57    15     0    17    76    14    50    19     0     4     0     2     9     6    44    45     0     0     0    98    22   108 
	    2     0     0     0     0     1     0     2     0     0     0     2     0     0     0     3     1     1    11     6     0     1     0     0    70     1 
	    0     0     0     0     0     0     0     0     0     0     0     0     0     0     0     0     0     0     0     0     0     0     0     0     0    12 
TOTAL TIME 48.891058921813965

Pocket EXP [4]
Sample Size [5000]
	COMPUTING ACCURACY...
0.3822
	True
Predicted
	   99     0     0     0     0     0     0     0     0     4     0     3     0     1     0     0     1     1     0     0     0     0     2     0     0     0 
	    0    50     0    48     1     9     0     4     7     5     0     0     2     3     0    23     2    11     4     0     4     1     3     2     6     2 
	    0     1    21     0     2    12     4     0     0     0     5     0     0     5     0     0     0     0     0     0    11    17     0     0     0     0 
	    1    15     0   108     0     0     0    13     5     9     4     6     3    12     5     4     7    18     6     0     1     0     0     3     1     5 
	    0     0     2     0    65     0     0     0    26     0     2     1     0     0     0     0     0     0     4     0     0     0     0    10     1    30 
	    0     5     0     7     0    33     1     1     2     1     0     1     0     3     0    20     4     0     7     0     0     0     0     0     1     1 
	   47    15    61     0    29     8   109     7     0     0    48    29     0     0    10     5    81     7    17     4     0    65    18    47    44     1 
	    2     0     2     5     0     0     2    23     0     0    11     6     5     8     3     0     1     3     1     5    15     0     0     2     0     0 
	    0     1     0     0     4     0     1     0    98    17     0     1     0     0     0     0     1     0     1     0     0     0     0     0     1     0 
	    4     0     0     0     0     7     0     2     2   103     0     0     0     0     3     1     4     3     3     0     0     0     0     3     2    18 
	    3     0     2     3     3     0     1     3     2     0    10     0     9     5     0     0     7     2     8     0     4     0     2     0     0     1 
	    4     0    13     0     7     0     3     0     3     0     1   124     0     0     1     0     2     0     0     0     0     0     0     1     0     4 
	    0     2     7     3     9     0     3    19     0     0     4     1    81    20     2     0     0     8     0     3     5     2     8     0     0     0 
	    2     0    22     3     2    38     0    23     0     3     2     0    39   112     3     0     0     1     0    25    45     6    57     0     1     0 
	    5     6    29    13     0     0    40    34    22    26     0     2    26    16   135     3    50    11     2     3    72    14     3     0     3     0 
	    0     0     0     0     0     9     8     0    10     5     0     0     0     0     3   116     0     0     0     2     0     8     0     0     1     0 
	   19    44     0     8     4     1    25     6     7     3     8     5    13     0     6     5    47    15    35     4     6     6     2     1     5     2 
	    0    19     4     0    11     4     8     8     0     1    28     4     9     4     4     0     3   113    12     4     0     4     3    19     0     2 
	    4     7     1     1     2     1     1     1     2     2     1     0     0     0     0     0     0     1    34     4     0     0     0     0     2     5 
	    1     2     1     1     3    29     0     0     0     1     1     0     0     0     1     8     0     0     4    88     0    14     0     0    11     0 
	    1     0     5     2     2     0     0     1     0     0     2     2     0     2     4     0     0     0     1     1    52     0     0     2     1     0 
	    1     2     1     0     0    29     1     9     1     1     4     3     0     3     0    18     0     3    15    15     0    14    19     4    21     5 
	    0     0     0     0     0     0     0     0     0     0     0     0     0     0     1     0     0     0     0     0     0    10    49     0     0     0 
	   11     4     0    14    47    14     1    24    18     2    46    17     0     4     0     2     6    11    31    22     0     0     1    89    10    52 
	    2     0     0     0     0     0     0     0     0     0     0     0     0     0     0     2     1     0     9     3     0     7     0     1    72     0 
	    0     0     0     0     0     0     0     0     0     0     0     0     0     0     0     0     0     0     4     1     0     0     0     2     0    66 
TOTAL TIME 147.04961514472961

Pocket EXP [5]
Sample Size [10000]
	COMPUTING ACCURACY...
0.3516
	True
Predicted
	   94     0     4     0     0     0     0     0     0    10     0     5     0     2     0     0     2     0     0     0     0     0     0     0     0     0 
	    2    72     0    62     1    17     0     3     8     6     0     0     7     3     1    22     3    20     7     3     7     3     3     3     7     8 
	    6     2    58     0     8    30    35     4     0     0    21     5     4     9     7     0     0     8     1     1    22    40     3     2     0     0 
	    0     1     0    72     0     0     0     7     3     2     4    10     2     9     4     0     4     4     1     0     1     0     0     3     0     0 
	    0     0     0     0    63     0     0     0    25     0     5     3     0     0     0     0     2     0     2     0     0     0     0    12     0    54 
	    0     3     1     8     0    14     4     2     2     3     0     2     0     2     3    12     6     1     9     0     0     0     0     0     3     1 
	   47    13    43     1    17     7    83     2    16     0    21    16     0     0    17     3    99    10    13    20     0    68    23    29    65     1 
	    1     0    11    31     9     0     5    31     0     0    14     5    10     5    14     0     2     9     0     7    27     1     1     6     0     0 
	    0     0     0     0     1     0     1     0   105    14     0     1     0     0     0     0     1     0     0     1     0     0     0     1     0     1 
	    2     0     0     0     0     5     0     1     2   106     0     0     0     0     1     0     4     0     0     2     0     0     0     1     0    15 
	    0     0     1     3     5     0     0     0     2     0    11     1     5     4     0     0     6     2     7     0     0     0     0     0     0     1 
	    8     0    14     0     3     0     4     0     4     0     2   123     0     0     0     0     4     0     0     0     0     0     0     3     0     5 
	    0     0     3     2     2     0     3     6     0     0     2     0    51     8     3     0     0     2     0     1     1     0     3     0     0     0 
	    0     0    11     3     0    22     1    48     0     0     2     0    59   118    12     0     1     1     0    10    45     1    48     0     0     0 
	    4     2    12     2     0     0    19     9     0    16     0     0    15     1    87     1    18     1     0     2    53     3     2     0     1     0 
	    0     0     0     0     0    12    11     0    13     6     0     0     0     0     2   128     1     2     0     4     0    11     0     0     2     0 
	   14    18     0     3     4     1    17     3     3     3     4     5    10     0     5     5    32    12    20     4     4     3     2     1     4     1 
	    0    20     7     0    22     5    13    14     0     1    42     9    24    10     5     2     4   112    17    12     1     6     7    33     0     6 
	    8    23     1    11    14     3     3     3     5     3     1     0     0     1    11     1     7     5    60     7     0     0     0     0     6    10 
	    0     1     1     0     2    12     0     1     0     1     0     0     0     0     0     3     0     1     2    60     0     2     0     0     5     0 
	    0     0     1     0     2     0     0     0     0     0     2     0     0     1     1     0     0     0     0     1    51     0     0     1     2     0 
	   10    13     1    13     7    55     8    20     2    10     5     8     0    19     7    29    19     7    34    20     2    17    16    20    33     9 
	    0     0     0     0     0     0     0     0     0     0     0     0     0     0     1     0     0     0     0     0     0    11    59     0     0     0 
	   10     5     2     5    31    11     1    24    15     2    41    12     0     6     0     1     2    11    18    23     1     1     0    70    13    43 
	    0     0     0     0     0     0     0     0     0     0     0     0     0     0     0     0     0     0     7     5     0     1     0     1    42     0 
	    0     0     0     0     0     0     0     0     0     0     0     0     0     0     0     0     0     0     0     1     0     0     0     0     0    39 
TOTAL TIME 310.69244408607483

Pocket EXP [6]
Sample Size [15000]
	COMPUTING ACCURACY...
0.3508
	True
Predicted
	   86     0     2     0     0     0     0     0     0     8     0     6     1     2     0     0     2     0     0     0     0     0     0     0     0     0 
	    1    62     0    37     0    10     0     3     6     6     0     0     3     2     0    16     3    11     6     1     7     3     2     4     5     2 
	    3     2    38     0     3    19    18     3     0     0     3     3     3     8     5     0     0     0     0     0    18    33     3     0     0     0 
	    0     4     0    79     1     0     1    10     4     4     4    16     2    10     6     0     7     6     1     0     1     0     0     3     2     4 
	    0     0     0     0    53     0     0     0    18     0     4     4     0     0     0     0     0     0     1     0     0     0     0    12     0    22 
	    1     4     2     4     0    13     4     2     1     2     0     2     0     1     1    10     4     4    14     0     0     0     0     0     4     0 
	   56    16    61     1    24     9    91     2    16     0    40    16     0     0    18     3    95    21    17    16     0    60    21    29    63     1 
	    2     1    16    55    16     2     8    39     1     0    15     4    17    13    16     1     2    18     1    20    39     1     2    10     0     0 
	    0     0     0     0     5     3     1     0   112    17     0     1     0     0     0     0     0     0     0     4     0     1     0     2     0     1 
	    2     0     0     0     0     5     0     0     2   104     0     0     0     0     0     0     3     0     0     4     0     0     0     0     0    13 
	    0     2     4     4    14     0     0     5     2     1    24     5     3     4     0     0    12     5     7     2     0     0     0     1     0     2 
	    7     0     9     0     3     0     3     0     3     0     0   117     0     0     0     0     3     0     0     0     0     0     0     2     0     5 
	    0     0     2     1     2     0     4     1     0     0     2     0    51    11     2     0     0     3     0     2     2     0     5     0     0     0 
	    0     0     9     0     0    26     0    50     0     0     2     0    63   118     8     1     0     1     0    12    55     1    54     0     0     0 
	    5     8    14     2     0     0    29     8     0    15     0     1    11     2   102     2    19     5     1     2    61     9     2     2     3     0 
	    0     0     0     0     0    13    10     0    13     6     0     0     0     0     1   128     0     1     0     4     0     7     0     0     2     0 
	   16    13     0     2     2     1    17     3     3     2     5     6    11     0     4     5    39    13    26     3     4     2     2     1     5     1 
	    0    17     7     0    17     3    13     9     0     1    34     7    22     6     4     2     3    98    12     6     1     6     6    30     0     5 
	    8    24     1    12    15     3     2     3     4     3     1     0     0     2     4     1     3     4    52     8     2     0     0     0     4     9 
	    0     0     0     0     0     9     0     0     0     1     0     0     0     0     0     1     0     0     0    36     0     2     0     0     2     0 
	    0     0     3     0     3     0     0     0     0     0     2     0     0     0     1     0     0     0     2     1    22     0     0     1     2     0 
	    9    15     0    14     7    64     6    17     4    11     2     8     0    13     7    32    18     6    30    20     0    24    10    16    34     8 
	    0     0     0     0     0     0     0     0     0     0     0     0     0     0     2     0     0     0     0     0     0    17    60     0     0     0 
	   10     5     3     5    26    14     1    23    16     2    39     9     0     6     0     3     4    12    19    23     3     1     0    70     9    33 
	    0     0     0     0     0     0     0     0     0     0     0     0     0     0     0     2     0     0     5    17     0     1     0     1    48     0 
	    0     0     0     0     0     0     0     0     0     0     0     0     0     0     0     0     0     0     4     3     0     0     0     2     0    88 
TOTAL TIME 426.5402743816376
